0 8606
1 9478
2 9356
3 8830
4 8210
5 7978
6 7594
7 7260
8 5994
9 4081
10 2890
11 1304
12 -2253
13 -9741
14 -16723
15 -18253
16 -16187
17 -17704
18 -20524
19 -19612
20 -11807
21 -2871
22 2865
23 6942
24 10840
25 15458
26 17324
27 16815
28 14426
29 11850
30 6708
31 488
32 -4092
33 -5843
34 -7291
35 -9315
36 -10838
37 -11532
38 -10164
39 -7983
40 -6050
41 -6228
42 -6595
43 -6128
44 -3992
45 -1485
46 576
47 2279
48 4603
49 7752
50 10330
51 12319
52 13413
53 13131
54 10059
55 5935
56 2148
57 -1309
58 -5696
59 -10702
60 -14500
61 -15955
62 -15021
63 -13088
64 -10192
65 -6847
66 -3170
67 550
68 4219
69 7106
70 8455
71 8563
72 7427
73 5588
74 3623
75 1997
76 -386
77 -3310
78 -5056
79 -5738
80 -6293
81 -6260
82 -5907
83 -6187
84 -6378
85 -5265
86 -3599
87 -2543
88 -1354
89 -43
90 1031
91 2356
92 3954
93 4581
94 3905
95 2985
96 1933
97 437
98 -1175
99 -2670
100 -4199
101 -5239
102 -5287
103 -4554
104 -3351
105 -1662
106 187
107 1912
108 3670
109 5228
110 6081
111 6174
112 5805
113 5153
114 4131
115 2700
116 1074
117 -231
118 -1055
119 -1973
120 -2499
121 -2187
122 -1318
123 -653
124 639
125 2309
126 3720
127 4820
128 6538
129 7858
130 8602
131 9381
132 9686
133 9618
134 9639
135 9832
136 9148
137 8431
138 7928
139 6877
140 5109
141 3556
142 2024
143 -854
144 -8383
145 -16971
146 -19412
147 -16943
148 -18070
149 -21952
150 -22202
151 -14761
152 -5193
153 1241
154 6023
155 10299
156 15401
157 17947
158 18030
159 16261
160 14147
161 9055
162 1979
163 -3195
164 -5307
165 -7029
166 -9481
167 -11273
168 -12448
169 -11660
170 -9368
171 -6826
172 -6500
173 -7162
174 -6985
175 -4799
176 -1909
177 372
178 1984
179 4228
180 7406
181 10172
182 12365
183 13997
184 14253
185 11408
186 7189
187 3348
188 -29
189 -4415
190 -9731
191 -14204
192 -16457
193 -16177
194 -14491
195 -11610
196 -8261
197 -4688
198 -943
199 3254
200 7281
201 9476
202 9370
203 8117
204 6916
205 5220
206 3207
207 1154
208 -1772
209 -5023
210 -6690
211 -6786
212 -6738
213 -7085
214 -7291
215 -7456
216 -6828
217 -4619
218 -2301
219 -1191
220 -171
221 1444
222 3048
223 4454
224 5456
225 5121
226 3511
227 2002
228 812
229 -771
230 -2720
231 -4369
232 -5674
233 -6295
234 -5671
235 -4174
236 -2561
237 -744
238 1240
239 3303
240 5320
241 6816
242 7221
243 6870
244 6246
245 5178
246 3687
247 1994
248 282
249 -1201
250 -2294
251 -2874
252 -2793
253 -1976
254 -1132
255 76
256 1820
257 3843
258 5123
259 6303
260 7748
261 8773
262 9320
263 9853
264 10409
265 10158
266 9650
267 9126
268 8889
269 8210
270 7391
271 5142
272 3535
273 1986
274 40
275 -5200
276 -14303
277 -19573
278 -18024
279 -17098
280 -20203
281 -22073
282 -17713
283 -7939
284 -584
285 4938
286 8993
287 14123
288 17754
289 18384
290 16901
291 14805
292 11363
293 4515
294 -1838
295 -5395
296 -6767
297 -9097
298 -10937
299 -12439
300 -12279
301 -10424
302 -7571
303 -6103
304 -6380
305 -6322
306 -4980
307 -2230
308 166
309 2082
310 3859
311 6622
312 9368
313 11501
314 13143
315 14062
316 12479
317 8446
318 4320
319 799
320 -3055
321 -8068
322 -12780
323 -15888
324 -16450
325 -15230
326 -12671
327 -9241
328 -5752
329 -2127
330 1687
331 5828
332 8631
333 9418
334 8136
335 6471
336 5300
337 4047
338 1967
339 -622
340 -2935
341 -4554
342 -5081
343 -5077
344 -5094
345 -5573
346 -6037
347 -6154
348 -5269
349 -3800
350 -2514
351 -1874
352 -1036
353 539
354 2450
355 3824
356 4169
357 3711
358 2775
359 1845
360 747
361 -726
362 -2398
363 -3681
364 -4531
365 -4571
366 -3720
367 -2330
368 -912
369 544
370 2197
371 3889
372 5205
373 5726
374 5596
375 5113
376 4421
377 3448
378 2166
379 769
380 -356
381 -1231
382 -1894
383 -2071
384 -1590
385 -1024
386 -225
387 1092
388 2618
389 4181
390 5626
391 6842
392 7922
393 8705
394 8829
395 9313
396 9855
397 9942
398 9220
399 8438
400 8146
401 7935
402 6932
403 5492
404 3441
405 1026
406 -880
407 -6881
408 -15770
409 -19850
410 -17305
411 -17577
412 -21112
413 -21832
414 -15094
415 -5508
416 1074
417 5901
418 9773
419 15237
420 18362
421 18200
422 15714
423 13833
424 9615
425 2405
426 -3373
427 -5711
428 -7240
429 -9851
430 -11488
431 -12444
432 -11596
433 -9410
434 -6824
435 -6187
436 -6403
437 -5979
438 -4184
439 -1595
440 654
441 2296
442 4203
443 7196
444 9870
445 11800
446 13173
447 13631
448 11206
449 7133
450 3302
451 -131
452 -4407
453 -9540
454 -13797
455 -16136
456 -16001
457 -14506
458 -11720
459 -8246
460 -4422
461 -550
462 3450
463 7418
464 9691
465 9577
466 7909
467 6738
468 5207
469 2471
470 -67
471 -1708
472 -3528
473 -4994
474 -5493
475 -5538
476 -5761
477 -6022
478 -6069
479 -6218
480 -5615
481 -4377
482 -3166
483 -2121
484 -403
485 1479
486 3043
487 4262
488 4874
489 4541
490 3443
491 2148
492 385
493 -1583
494 -3209
495 -4335
496 -5173
497 -5201
498 -4325
499 -2888
500 -1149
501 726
502 2540
503 4075
504 5267
505 5792
506 5802
507 5423
508 4592
509 3193
510 1784
511 631
