0 5.080051
31 4.967913
62 4.729706
93 7.497582
125 8.068468
156 7.191808
187 5.261945
218 7.687913
250 8.103316
281 6.989075
312 5.499471
343 7.546257
375 7.835234
406 6.519693
437 6.050045
468 7.805836
500 7.900226
531 6.074060
562 7.184404
593 8.876712
625 8.882180
656 7.240177
687 8.008229
718 9.359442
750 9.174984
781 7.448376
812 6.560471
843 7.977695
875 7.711236
906 6.305699
937 7.326276
968 8.301731
1000 7.781087
1031 6.000895
1062 7.790116
1093 8.632584
1125 7.994202
1156 5.353513
1187 7.208810
1218 7.835516
1250 6.924549
1281 4.887982
1312 5.905531
1343 6.686358
1375 5.543302
1406 4.271734
1437 5.584313
1468 5.914723
1500 4.506988
1531 4.376101
1562 5.439938
1593 5.796338
1625 3.908401
1656 4.306181
1687 5.340599
1718 5.329335
1750 3.717669
1781 4.095213
1812 5.412289
1843 5.219177
1875 3.798266
1906 4.347571
1937 5.233467
1968 4.665949
2000 3.733509
2031 3.457604
2062 5.097584
2093 4.320845
2125 3.580144
2156 4.262783
2187 5.187851
2218 4.136894
2250 3.735340
2281 3.982946
2312 5.291926
2343 4.158923
2375 3.751530
2406 5.243379
2437 5.840531
2468 4.935195
2500 3.566177
2531 5.715637
2562 6.175786
2593 4.896632
2625 4.795512
2656 6.883097
2687 7.147767
2718 6.123695
2750 5.346416
2781 6.806735
2812 6.854165
2843 5.296014
2875 5.196810
2906 6.296782
2937 6.265951
2968 5.005990
3000 5.151054
3031 6.155878
3062 5.848855
3093 3.941229
3125 5.375066
3156 6.314417
3187 5.899645
3218 4.783302
3250 5.686192
3281 6.572159
3312 6.006518
3343 4.738395
3375 6.133586
3406 6.841563
3437 6.111004
3468 4.997543
3500 6.135124
3531 6.756802
3562 6.000220
3593 4.724859
3625 6.143113
3656 6.475183
3687 5.253799
3718 4.518442
3750 6.004966
3781 6.310138
3812 5.312789
3843 4.613990
3875 6.229036
3906 6.330699
3937 5.098562
3968 3.989893
4000 6.006133
4031 5.866847
4062 4.384411
4093 3.806420
4125 5.301268
4156 4.944261
4187 2.795072
4218 4.229323
4250 5.275152
4281 4.629673
4312 3.986150
4343 3.754509
4375 5.022942
4406 4.382447
4437 3.345651
4468 5.089637
4500 5.491407
4531 4.578575
4562 4.625981
4593 4.698570
4625 4.838127
4656 3.998744
4687 3.099927
4718 5.343941
4750 5.474737
4781 4.481252
4812 4.711710
4843 2.544860
4875 5.043259
4906 3.627896
4937 3.795333
4968 4.628091
5000 4.788102
5031 2.794330
5062 2.959321
5093 2.728549
5125 3.691504
5156 2.163614
5187 3.093878
5218 4.031359
5250 3.943684
5281 0.801609
5312 2.865983
5343 3.645516
5375 3.514998
5406 1.780655
5437 3.485470
5468 4.397676
5500 3.344019
5531 1.780830
5562 3.559169
5593 4.334736
5625 3.612621
5656 2.945293
5687 3.460819
5718 3.997288
5750 3.338990
5781 1.733339
5812 3.750476
5843 4.011456
5875 3.751132
5906 1.897222
5937 3.806943
5968 3.848973
6000 3.516716
6031 2.847753
6062 3.812590
6093 4.027097
6125 3.567028
6156 3.320148
6187 3.783449
6218 4.091389
6250 3.147718
6281 3.621555
6312 3.884820
6343 4.150966
6375 3.225055
6406 3.686057
6437 3.766940
6468 3.738933
6500 3.217194
6531 3.368390
6562 3.897113
6593 3.475775
6625 3.500632
6656 2.560224
6687 3.219080
6718 2.354011
6750 3.117883
6781 2.694344
6812 3.377353
6843 3.166978
6875 3.353100
6906 3.410961
6937 3.821320
6968 3.676905
7000 2.742344
7031 3.296130
7062 3.757222
7093 2.962454
7125 2.345802
7156 3.757322
7187 4.163219
7218 2.707877
7250 3.442422
7281 4.474719
7312 4.727761
7343 3.687124
7375 3.758952
7406 4.714969
7437 4.713336
7468 3.879598
7500 2.584904
7531 4.137022
7562 4.324015
7593 3.632738
7625 3.425709
7656 3.711086
7687 3.768423
7718 2.570713
7750 2.579845
7781 1.443321
7812 2.667388
7843 2.332747
7875 2.422438
7906 2.266321
7937 2.340070
7968 2.317032
8000 2.308193
8031 2.317032
8062 2.340070
8093 2.266321
8125 2.422438
8156 2.332747
8187 2.667388
8218 1.443321
8250 2.579845
8281 2.570713
8312 3.768423
8343 3.711086
8375 3.425709
8406 3.632738
8437 4.324015
8468 4.137022
8500 2.584904
8531 3.879598
8562 4.713336
8593 4.714969
8625 3.758952
8656 3.687124
8687 4.727761
8718 4.474719
8750 3.442422
8781 2.707877
8812 4.163219
8843 3.757322
8875 2.345802
8906 2.962454
8937 3.757222
8968 3.296130
9000 2.742344
9031 3.676905
9062 3.821320
9093 3.410961
9125 3.353100
9156 3.166978
9187 3.377353
9218 2.694344
9250 3.117883
9281 2.354011
9312 3.219080
9343 2.560224
9375 3.500632
9406 3.475775
9437 3.897113
9468 3.368390
9500 3.217194
9531 3.738933
9562 3.766940
9593 3.686057
9625 3.225055
9656 4.150966
9687 3.884820
9718 3.621555
9750 3.147718
9781 4.091389
9812 3.783449
9843 3.320148
9875 3.567028
9906 4.027097
9937 3.812590
9968 2.847753
10000 3.516716
10031 3.848973
10062 3.806943
10093 1.897222
10125 3.751132
10156 4.011456
10187 3.750476
10218 1.733339
10250 3.338990
10281 3.997288
10312 3.460819
10343 2.945293
10375 3.612621
10406 4.334736
10437 3.559169
10468 1.780830
10500 3.344019
10531 4.397676
10562 3.485470
10593 1.780655
10625 3.514998
10656 3.645516
10687 2.865983
10718 0.801609
10750 3.943684
10781 4.031359
10812 3.093878
10843 2.163614
10875 3.691504
10906 2.728549
10937 2.959321
10968 2.794330
11000 4.788102
11031 4.628091
11062 3.795333
11093 3.627896
11125 5.043259
11156 2.544860
11187 4.711710
11218 4.481252
11250 5.474737
11281 5.343941
11312 3.099927
11343 3.998744
11375 4.838127
11406 4.698570
11437 4.625981
11468 4.578575
11500 5.491407
11531 5.089637
11562 3.345651
11593 4.382447
11625 5.022942
11656 3.754509
11687 3.986150
11718 4.629673
11750 5.275152
11781 4.229323
11812 2.795072
11843 4.944261
11875 5.301268
11906 3.806420
11937 4.384411
11968 5.866847
12000 6.006133
12031 3.989893
12062 5.098562
12093 6.330699
12125 6.229036
12156 4.613990
12187 5.312789
12218 6.310138
12250 6.004966
12281 4.518442
12312 5.253799
12343 6.475183
12375 6.143113
12406 4.724859
12437 6.000220
12468 6.756802
12500 6.135124
12531 4.997543
12562 6.111004
12593 6.841563
12625 6.133586
12656 4.738395
12687 6.006518
12718 6.572159
12750 5.686192
12781 4.783302
12812 5.899645
12843 6.314417
12875 5.375066
12906 3.941229
12937 5.848855
12968 6.155878
13000 5.151054
13031 5.005990
13062 6.265951
13093 6.296782
13125 5.196810
13156 5.296014
13187 6.854165
13218 6.806735
13250 5.346416
13281 6.123695
13312 7.147767
13343 6.883097
13375 4.795512
13406 4.896632
13437 6.175786
13468 5.715637
13500 3.566177
13531 4.935195
13562 5.840531
13593 5.243379
13625 3.751530
13656 4.158923
13687 5.291926
13718 3.982946
13750 3.735340
13781 4.136894
13812 5.187851
13843 4.262783
13875 3.580144
13906 4.320845
13937 5.097584
13968 3.457604
14000 3.733509
14031 4.665949
14062 5.233467
14093 4.347571
14125 3.798266
14156 5.219177
14187 5.412289
14218 4.095213
14250 3.717669
14281 5.329335
14312 5.340599
14343 4.306181
14375 3.908401
14406 5.796338
14437 5.439938
14468 4.376101
14500 4.506988
14531 5.914723
14562 5.584313
14593 4.271734
14625 5.543302
14656 6.686358
14687 5.905531
14718 4.887982
14750 6.924549
14781 7.835516
14812 7.208810
14843 5.353513
14875 7.994202
14906 8.632584
14937 7.790116
14968 6.000895
15000 7.781087
15031 8.301731
15062 7.326276
15093 6.305699
15125 7.711236
15156 7.977695
15187 6.560471
15218 7.448376
15250 9.174984
15281 9.359442
15312 8.008229
15343 7.240177
15375 8.882180
15406 8.876712
15437 7.184404
15468 6.074060
15500 7.900226
15531 7.805836
15562 6.050045
15593 6.519693
15625 7.835234
15656 7.546257
15687 5.499471
15718 6.989075
15750 8.103316
15781 7.687913
15812 5.261945
15843 7.191808
15875 8.068468
15906 7.497582
15937 4.729706
15968 4.967913
