0 688
1 758
2 749
3 709
4 661
5 645
6 617
7 593
8 492
9 337
10 241
11 109
12 -191
13 -836
14 -1451
15 -1602
16 -1438
17 -1593
18 -1872
19 -1814
20 -1107
21 -273
22 277
23 682
24 1082
25 1569
26 1789
27 1767
28 1543
29 1290
30 744
31 55
32 -471
33 -685
34 -872
35 -1135
36 -1347
37 -1462
38 -1314
39 -1052
40 -813
41 -854
42 -923
43 -875
44 -581
45 -220
46 87
47 352
48 726
49 1248
50 1696
51 2063
52 2291
53 2288
54 1787
55 1075
56 396
57 -246
58 -1094
59 -2095
60 -2894
61 -3245
62 -3114
63 -2764
64 -2193
65 -1501
66 -707
67 125
68 977
69 1676
70 2030
71 2093
72 1847
73 1414
74 933
75 523
76 -102
77 -897
78 -1394
79 -1609
80 -1794
81 -1814
82 -1740
83 -1852
84 -1940
85 -1627
86 -1130
87 -811
88 -438
89 -14
90 344
91 799
92 1361
93 1600
94 1384
95 1073
96 705
97 161
98 -441
99 -1016
100 -1621
101 -2050
102 -2097
103 -1831
104 -1365
105 -686
106 78
107 810
108 1575
109 2273
110 2678
111 2753
112 2620
113 2355
114 1910
115 1264
116 508
117 -110
118 -511
119 -967
120 -1240
121 -1097
122 -668
123 -335
124 331
125 1210
126 1971
127 2582
128 3539
129 4298
130 4754
131 5238
132 5463
133 5479
134 5545
135 5711
136 5366
137 4992
138 4739
139 4149
140 3111
141 2185
142 1255
143 -534
144 -5292
145 -10807
146 -12469
147 -10976
148 -11806
149 -14462
150 -14748
151 -9885
152 -3505
153 844
154 4131
155 7119
156 10728
157 12596
158 12750
159 11584
160 10152
161 6545
162 1440
163 -2342
164 -3918
165 -5225
166 -7096
167 -8494
168 -9441
169 -8901
170 -7198
171 -5278
172 -5057
173 -5607
174 -5502
175 -3803
176 -1521
177 298
178 1600
179 3429
180 6040
181 8342
182 10196
183 11603
184 11878
185 9556
186 6053
187 2833
188 -24
189 -3773
190 -8356
191 -12254
192 -14264
193 -14085
194 -12674
195 -10199
196 -7288
197 -4153
198 -839
199 2907
200 6530
201 8533
202 8470
203 7365
204 6299
205 4771
206 2942
207 1062
208 -1636
209 -4655
210 -6220
211 -6330
212 -6305
213 -6650
214 -6863
215 -7039
216 -6464
217 -4385
218 -2190
219 -1136
220 -163
221 1385
222 2930
223 4292
224 5270
225 4957
226 3405
227 1946
228 790
229 -752
230 -2658
231 -4278
232 -5565
233 -6184
234 -5580
235 -4113
236 -2527
237 -735
238 1226
239 3271
240 5275
241 6766
242 7175
243 6832
244 6217
245 5158
246 3675
247 1988
248 281
249 -1199
250 -2291
251 -2871
252 -2791
253 -1975
254 -1131
255 75
256 1819
257 3842
258 5121
259 6300
260 7742
261 8763
262 9306
263 9833
264 10382
265 10126
266 9613
267 9084
268 8840
269 8158
270 7337
271 5099
272 3501
273 1964
274 39
275 -5131
276 -14095
277 -19260
278 -17708
279 -16771
280 -19784
281 -21577
282 -17284
283 -7732
284 -567
285 4790
286 8705
287 13641
288 17110
289 17676
290 16211
291 14166
292 10845
293 4298
294 -1745
295 -5108
296 -6388
297 -8563
298 -10265
299 -11639
300 -11454
301 -9692
302 -7017
303 -5637
304 -5873
305 -5799
306 -4552
307 -2031
308 150
309 1882
310 3475
311 5939
312 8369
313 10232
314 11645
315 12406
316 10962
317 7387
318 3761
319 692
320 -2635
321 -6928
322 -10921
323 -13511
324 -13920
325 -12823
326 -10614
327 -7701
328 -4768
329 -1753
330 1383
331 4753
332 7000
333 7595
334 6523
335 5158
336 4200
337 3187
338 1540
339 -483
340 -2269
341 -3499
342 -3879
343 -3850
344 -3838
345 -4171
346 -4487
347 -4543
348 -3863
349 -2766
350 -1817
351 -1344
352 -738
353 381
354 1719
355 2663
356 2881
357 2545
358 1888
359 1245
360 500
361 -482
362 -1579
363 -2405
364 -2935
365 -2936
366 -2369
367 -1470
368 -570
369 337
370 1350
371 2368
372 3140
373 3423
374 3313
375 2999
376 2568
377 1983
378 1233
379 433
380 -198
381 -680
382 -1036
383 -1121
384 -851
385 -542
386 -118
387 566
388 1343
389 2121
390 2823
391 3395
392 3886
393 4221
394 4232
395 4412
396 4613
397 4599
398 4213
399 3809
400 3632
401 3494
402 3014
403 2358
404 1458
405 429
406 -363
407 -2804
408 -6342
409 -7876
410 -6773
411 -6785
412 -8038
413 -8197
414 -5587
415 -2010
416 386
417 2092
418 3414
419 5245
420 6227
421 6080
422 5170
423 4482
424 3067
425 755
426 -1042
427 -1737
428 -2168
429 -2902
430 -3330
431 -3548
432 -3252
433 -2595
434 -1850
435 -1649
436 -1678
437 -1540
438 -1059
439 -396
440 159
441 551
442 991
443 1666
444 2245
445 2635
446 2888
447 2933
448 2367
449 1478
450 671
451 -26
452 -863
453 -1832
454 -2599
455 -2982
456 -2900
457 -2578
458 -2042
459 -1408
460 -740
461 -90
462 555
463 1170
464 1499
465 1452
466 1175
467 981
468 743
469 345
470 -9
471 -229
472 -465
473 -645
474 -696
475 -688
476 -702
477 -720
478 -712
479 -716
480 -634
481 -485
482 -344
483 -226
484 -42
485 152
486 309
487 425
488 478
489 439
490 327
491 201
492 35
493 -144
494 -288
495 -385
496 -454
497 -451
498 -371
499 -245
500 -96
501 60
502 210
503 335
504 430
505 470
506 469
507 436
508 368
509 255
510 142
511 50
