0 5.080801
1 4.967681
2 4.730327
3 7.497604
4 8.068319
5 7.191788
6 5.262178
7 7.687876
8 8.103205
9 6.989237
10 5.498320
11 7.546239
12 7.835240
13 6.519743
14 6.050326
15 7.805804
16 7.900158
17 6.074171
18 7.184488
19 8.876671
20 8.882125
21 7.240278
22 8.008335
23 9.359369
24 9.174933
25 7.448507
26 6.560714
27 7.977576
28 7.711192
29 6.305592
30 7.326317
31 8.301654
32 7.781047
33 6.000925
34 7.790102
35 8.632493
36 7.994184
37 5.353953
38 7.208769
39 7.835528
40 6.924484
41 4.889069
42 5.905859
43 6.686160
44 5.543478
45 4.272575
46 5.584699
47 5.915924
48 4.505804
49 4.376685
50 5.439664
51 5.796489
52 3.906208
53 4.306034
54 5.340548
55 5.329070
56 3.712262
57 4.094995
58 5.410209
59 5.218421
60 3.798946
61 4.345814
62 5.232879
63 4.666338
64 3.729643
65 3.458660
66 5.098065
67 4.319367
68 3.579780
69 4.263791
70 5.187184
71 4.138401
72 3.732148
73 3.985318
74 5.292238
75 4.158727
76 3.755081
77 5.243893
78 5.839722
79 4.936576
80 3.565598
81 5.715790
82 6.175772
83 4.896316
84 4.794914
85 6.883147
86 7.147847
87 6.123297
88 5.346557
89 6.806601
90 6.853874
91 5.296527
92 5.196046
93 6.297128
94 6.266105
95 5.005852
96 5.151437
97 6.155817
98 5.848622
99 3.938211
100 5.375131
101 6.314605
102 5.899575
103 4.782485
104 5.686136
105 6.572428
106 6.006343
107 4.737834
108 6.133411
109 6.841525
110 6.110805
111 4.996953
112 6.135367
113 6.756782
114 6.000137
115 4.724462
116 6.143264
117 6.475287
118 5.254347
119 4.517709
120 6.005397
121 6.310548
122 5.312425
123 4.613218
124 6.229269
125 6.330847
126 5.098422
127 3.987738
128 6.006251
129 5.867025
130 4.382241
131 3.804263
132 5.301005
133 4.944662
134 2.788420
135 4.228403
136 5.276075
137 4.630400
138 3.984847
139 3.752753
140 5.022074
141 4.381527
142 3.345545
143 5.089948
144 5.491297
145 4.579571
146 4.625253
147 4.698204
148 4.838407
149 3.998211
150 3.090180
151 5.344135
152 5.474782
153 4.480601
154 4.711888
155 2.546322
156 5.043904
157 3.626222
158 3.795758
159 4.625302
160 4.788001
161 2.789645
162 2.966014
163 2.732829
164 3.691889
165 2.153154
166 3.098069
167 4.033129
168 3.943535
169 0.922718
170 2.875546
171 3.648169
172 3.521989
173 1.792665
174 3.482221
175 4.397379
176 3.341466
177 1.771585
178 3.556853
179 4.333729
180 3.615151
181 2.947675
182 3.460614
183 3.999525
184 3.340260
185 1.690579
186 3.748678
187 4.011712
188 3.749897
189 1.928782
190 3.803693
191 3.851368
192 3.520196
193 2.840456
194 3.817419
195 4.030452
196 3.568152
197 3.321315
198 3.780513
199 4.090720
200 3.143915
201 3.626459
202 3.882270
203 4.151093
204 3.219433
205 3.680729
206 3.766615
207 3.737785
208 3.208527
209 3.369423
210 3.900451
211 3.478569
212 3.495300
213 2.567806
214 3.215268
215 2.340297
216 3.120732
217 2.684762
218 3.372889
219 3.165642
220 3.355064
221 3.409387
222 3.823518
223 3.681311
224 2.754313
225 3.293618
226 3.761321
227 2.961275
228 2.324744
229 3.760621
230 4.161682
231 2.708217
232 3.444635
233 4.476210
234 4.729113
235 3.684421
236 3.754931
237 4.715114
238 4.714573
239 3.878556
240 2.576542
241 4.133601
242 4.321687
243 3.627953
244 3.426525
245 3.710703
246 3.767817
247 2.566729
248 2.587338
249 1.500193
250 2.674644
251 2.344023
252 2.419616
253 2.290359
254 2.352481
255 2.311434
256 2.292849
257 2.311434
258 2.352481
259 2.290359
260 2.419616
261 2.344023
262 2.674644
263 1.500193
264 2.587338
265 2.566729
266 3.767817
267 3.710703
268 3.426525
269 3.627953
270 4.321687
271 4.133601
272 2.576542
273 3.878556
274 4.714573
275 4.715114
276 3.754931
277 3.684421
278 4.729113
279 4.476210
280 3.444635
281 2.708217
282 4.161682
283 3.760621
284 2.324744
285 2.961275
286 3.761321
287 3.293618
288 2.754313
289 3.681311
290 3.823518
291 3.409387
292 3.355064
293 3.165642
294 3.372889
295 2.684762
296 3.120732
297 2.340297
298 3.215268
299 2.567806
300 3.495300
301 3.478569
302 3.900451
303 3.369423
304 3.208527
305 3.737785
306 3.766615
307 3.680729
308 3.219433
309 4.151093
310 3.882270
311 3.626459
312 3.143915
313 4.090720
314 3.780513
315 3.321315
316 3.568152
317 4.030452
318 3.817419
319 2.840456
320 3.520196
321 3.851368
322 3.803693
323 1.928782
324 3.749897
325 4.011712
326 3.748678
327 1.690579
328 3.340260
329 3.999525
330 3.460614
331 2.947675
332 3.615151
333 4.333729
334 3.556853
335 1.771585
336 3.341466
337 4.397379
338 3.482221
339 1.792665
340 3.521989
341 3.648169
342 2.875546
343 0.922718
344 3.943535
345 4.033129
346 3.098069
347 2.153154
348 3.691889
349 2.732829
350 2.966014
351 2.789645
352 4.788001
353 4.625302
354 3.795758
355 3.626222
356 5.043904
357 2.546322
358 4.711888
359 4.480601
360 5.474782
361 5.344135
362 3.090180
363 3.998211
364 4.838407
365 4.698204
366 4.625253
367 4.579571
368 5.491297
369 5.089948
370 3.345545
371 4.381527
372 5.022074
373 3.752753
374 3.984847
375 4.630400
376 5.276075
377 4.228403
378 2.788420
379 4.944662
380 5.301005
381 3.804263
382 4.382241
383 5.867025
384 6.006251
385 3.987738
386 5.098422
387 6.330847
388 6.229269
389 4.613218
390 5.312425
391 6.310548
392 6.005397
393 4.517709
394 5.254347
395 6.475287
396 6.143264
397 4.724462
398 6.000137
399 6.756782
400 6.135367
401 4.996953
402 6.110805
403 6.841525
404 6.133411
405 4.737834
406 6.006343
407 6.572428
408 5.686136
409 4.782485
410 5.899575
411 6.314605
412 5.375131
413 3.938211
414 5.848622
415 6.155817
416 5.151437
417 5.005852
418 6.266105
419 6.297128
420 5.196046
421 5.296527
422 6.853874
423 6.806601
424 5.346557
425 6.123297
426 7.147847
427 6.883147
428 4.794914
429 4.896316
430 6.175772
431 5.715790
432 3.565598
433 4.936576
434 5.839722
435 5.243893
436 3.755081
437 4.158727
438 5.292238
439 3.985318
440 3.732148
441 4.138401
442 5.187184
443 4.263791
444 3.579780
445 4.319367
446 5.098065
447 3.458660
448 3.729643
449 4.666338
450 5.232879
451 4.345814
452 3.798946
453 5.218421
454 5.410209
455 4.094995
456 3.712262
457 5.329070
458 5.340548
459 4.306034
460 3.906208
461 5.796489
462 5.439664
463 4.376685
464 4.505804
465 5.915924
466 5.584699
467 4.272575
468 5.543478
469 6.686160
470 5.905859
471 4.889069
472 6.924484
473 7.835528
474 7.208769
475 5.353953
476 7.994184
477 8.632493
478 7.790102
479 6.000925
480 7.781047
481 8.301654
482 7.326317
483 6.305592
484 7.711192
485 7.977576
486 6.560714
487 7.448507
488 9.174933
489 9.359369
490 8.008335
491 7.240278
492 8.882125
493 8.876671
494 7.184488
495 6.074171
496 7.900158
497 7.805804
498 6.050326
499 6.519743
500 7.835240
501 7.546239
502 5.498320
503 6.989237
504 8.103205
505 7.687876
506 5.262178
507 7.191788
508 8.068319
509 7.497604
510 4.730327
511 4.967681
