0 6.225751
1 6.233859
2 6.258052
3 6.297942
4 6.352869
5 6.421898
6 6.503803
7 6.597073
8 6.699908
9 6.810245
10 6.925792
11 7.044081
12 7.162538
13 7.278567
14 7.389650
15 7.493441
16 7.587863
17 7.671194
18 7.742133
19 7.799838
20 7.843937
21 7.874504
22 7.892007
23 7.897218
24 7.891106
25 7.874719
26 7.849050
27 7.814923
28 7.772890
29 7.723160
30 7.665565
31 7.599569
32 7.524321
33 7.438752
34 7.341702
35 7.232083
36 7.109045
37 6.972148
38 6.821507
39 6.657916
40 6.482914
41 6.298803
42 6.108602
43 5.915936
44 5.724867
45 5.539679
46 5.364625
47 5.203661
48 5.060175
49 4.936757
50 4.834993
51 4.755342
52 4.697070
53 4.658285
54 4.636044
55 4.626551
56 4.625416
57 4.627975
58 4.629634
59 4.626221
60 4.614314
61 4.591528
62 4.556731
63 4.510164
64 4.453477
65 4.389645
66 4.322791
67 4.257915
68 4.200551
69 4.156370
70 4.130764
71 4.128439
72 4.153038
73 4.206839
74 4.290532
75 4.403108
76 4.541858
77 4.702494
78 4.879373
79 5.065821
80 5.254526
81 5.437979
82 5.608930
83 5.760823
84 5.888194
85 5.986987
86 6.054780
87 6.090903
88 6.096437
89 6.074101
90 6.028038
91 5.963509
92 5.886530
93 5.803460
94 5.720595
95 5.643770
96 5.578017
97 5.527286
98 5.494252
99 5.480221
100 5.485129
101 5.507638
102 5.545311
103 5.594852
104 5.652388
105 5.713776
106 5.774896
107 5.831935
108 5.881605
109 5.921321
110 5.949296
111 5.964573
112 5.966983
113 5.957048
114 5.935831
115 5.904762
116 5.865444
117 5.819469
118 5.768261
119 5.712948
120 5.654288
121 5.592640
122 5.528000
123 5.460075
124 5.388398
125 5.312477
126 5.231942
127 5.146699
128 5.057056
129 4.963814
130 4.868312
131 4.772423
132 4.678484
133 4.589182
134 4.507390
135 4.435971
136 4.377558
137 4.334338
138 4.307848
139 4.298802
140 4.306970
141 4.331116
142 4.368997
143 4.417439
144 4.472479
145 4.529561
146 4.583789
147 4.630201
148 4.664067
149 4.681174
150 4.678087
151 4.652370
152 4.602747
153 4.529193
154 4.432949
155 4.316467
156 4.183270
157 4.037760
158 3.884969
159 3.730272
160 3.579088
161 3.436583
162 3.307388
163 3.195365
164 3.103413
165 3.033347
166 2.985838
167 2.960431
168 2.955622
169 2.968998
170 2.997431
171 3.037300
172 3.084734
173 3.135863
174 3.187050
175 3.235101
176 3.277430
177 3.312182
178 3.338296
179 3.355517
180 3.364349
181 3.365968
182 3.362080
183 3.354768
184 3.346310
185 3.338992
186 3.334937
187 3.335947
188 3.343374
189 3.358033
190 3.380145
191 3.409337
192 3.444668
193 3.484699
194 3.527598
195 3.571256
196 3.613429
197 3.651875
198 3.684491
199 3.709437
200 3.725232
201 3.730838
202 3.725698
203 3.709759
204 3.683458
205 3.647680
206 3.603700
207 3.553106
208 3.497710
209 3.439457
210 3.380336
211 3.322300
212 3.267193
213 3.216699
214 3.172299
215 3.135248
216 3.106568
217 3.087047
218 3.077250
219 3.077535
220 3.088065
221 3.108825
222 3.139622
223 3.180087
224 3.229668
225 3.287610
226 3.352934
227 3.424421
228 3.500582
229 3.579653
230 3.659589
231 3.738077
232 3.812572
233 3.880349
234 3.938578
235 3.984420
236 4.015142
237 4.028242
238 4.021582
239 3.993522
240 3.943044
241 3.869854
242 3.774470
243 3.658266
244 3.523486
245 3.373211
246 3.211289
247 3.042217
248 2.870991
249 2.702918
250 2.543411
251 2.397764
252 2.270931
253 2.167307
254 2.090536
255 2.043346
256 2.027425
257 2.043346
258 2.090536
259 2.167307
260 2.270931
261 2.397764
262 2.543411
263 2.702918
264 2.870991
265 3.042217
266 3.211289
267 3.373211
268 3.523486
269 3.658266
270 3.774470
271 3.869854
272 3.943044
273 3.993522
274 4.021582
275 4.028242
276 4.015142
277 3.984420
278 3.938578
279 3.880349
280 3.812572
281 3.738077
282 3.659589
283 3.579653
284 3.500582
285 3.424421
286 3.352934
287 3.287610
288 3.229668
289 3.180087
290 3.139622
291 3.108825
292 3.088065
293 3.077535
294 3.077250
295 3.087047
296 3.106568
297 3.135248
298 3.172299
299 3.216699
300 3.267193
301 3.322300
302 3.380336
303 3.439457
304 3.497710
305 3.553106
306 3.603700
307 3.647680
308 3.683458
309 3.709759
310 3.725698
311 3.730838
312 3.725232
313 3.709437
314 3.684491
315 3.651875
316 3.613429
317 3.571256
318 3.527598
319 3.484699
320 3.444668
321 3.409337
322 3.380145
323 3.358033
324 3.343374
325 3.335947
326 3.334937
327 3.338992
328 3.346310
329 3.354768
330 3.362080
331 3.365968
332 3.364349
333 3.355517
334 3.338296
335 3.312182
336 3.277430
337 3.235101
338 3.187050
339 3.135863
340 3.084734
341 3.037300
342 2.997431
343 2.968998
344 2.955622
345 2.960431
346 2.985838
347 3.033347
348 3.103413
349 3.195365
350 3.307388
351 3.436583
352 3.579088
353 3.730272
354 3.884969
355 4.037760
356 4.183270
357 4.316467
358 4.432949
359 4.529193
360 4.602747
361 4.652370
362 4.678087
363 4.681174
364 4.664067
365 4.630201
366 4.583789
367 4.529561
368 4.472479
369 4.417439
370 4.368997
371 4.331116
372 4.306970
373 4.298802
374 4.307848
375 4.334338
376 4.377558
377 4.435971
378 4.507390
379 4.589182
380 4.678484
381 4.772423
382 4.868312
383 4.963814
384 5.057056
385 5.146699
386 5.231942
387 5.312477
388 5.388398
389 5.460075
390 5.528000
391 5.592640
392 5.654288
393 5.712948
394 5.768261
395 5.819469
396 5.865444
397 5.904762
398 5.935831
399 5.957048
400 5.966983
401 5.964573
402 5.949296
403 5.921321
404 5.881605
405 5.831935
406 5.774896
407 5.713776
408 5.652388
409 5.594852
410 5.545311
411 5.507638
412 5.485129
413 5.480221
414 5.494252
415 5.527286
416 5.578017
417 5.643770
418 5.720595
419 5.803460
420 5.886530
421 5.963509
422 6.028038
423 6.074101
424 6.096437
425 6.090903
426 6.054780
427 5.986987
428 5.888194
429 5.760823
430 5.608930
431 5.437979
432 5.254526
433 5.065821
434 4.879373
435 4.702494
436 4.541858
437 4.403108
438 4.290532
439 4.206839
440 4.153038
441 4.128439
442 4.130764
443 4.156370
444 4.200551
445 4.257915
446 4.322791
447 4.389645
448 4.453477
449 4.510164
450 4.556731
451 4.591528
452 4.614314
453 4.626221
454 4.629634
455 4.627975
456 4.625416
457 4.626551
458 4.636044
459 4.658285
460 4.697070
461 4.755342
462 4.834993
463 4.936757
464 5.060175
465 5.203661
466 5.364625
467 5.539679
468 5.724867
469 5.915936
470 6.108602
471 6.298803
472 6.482914
473 6.657916
474 6.821507
475 6.972148
476 7.109045
477 7.232083
478 7.341702
479 7.438752
480 7.524321
481 7.599569
482 7.665565
483 7.723160
484 7.772890
485 7.814923
486 7.849050
487 7.874719
488 7.891106
489 7.897218
490 7.892007
491 7.874504
492 7.843937
493 7.799838
494 7.742133
495 7.671194
496 7.587863
497 7.493441
498 7.389650
499 7.278567
500 7.162538
501 7.044081
502 6.925792
503 6.810245
504 6.699908
505 6.597073
506 6.503803
507 6.421898
508 6.352869
509 6.297942
510 6.258052
511 6.233859
