0.000000 1.000000
0.000063 0.949948
0.000125 0.816621
0.000188 0.629598
0.000250 0.406342
0.000313 0.155496
0.000375 -0.103679
0.000438 -0.340686
0.000500 -0.529575
0.000562 -0.658052
0.000625 -0.723172
0.000687 -0.725328
0.000750 -0.670392
0.000812 -0.570739
0.000875 -0.440517
0.000937 -0.288819
0.001000 -0.124473
0.001063 0.038753
0.001125 0.185100
0.001187 0.306050
0.001250 0.401307
0.001313 0.472932
0.001375 0.519616
0.001437 0.535345
0.001500 0.514156
0.001563 0.456204
0.001625 0.368639
0.001687 0.258773
0.001750 0.130266
0.001813 -0.013935
0.001875 -0.165145
0.001937 -0.309077
0.002000 -0.430661
0.002063 -0.518319
0.002125 -0.563938
0.002188 -0.562834
0.002250 -0.515274
0.002312 -0.425899
0.002375 -0.301564
0.002437 -0.151219
0.002500 0.010792
0.002563 0.165688
0.002625 0.295991
0.002687 0.390662
0.002750 0.444397
0.002812 0.454993
0.002875 0.422473
0.002938 0.350364
0.003000 0.247132
0.003063 0.125311
0.003125 -0.000810
0.003187 -0.117952
0.003250 -0.215704
0.003312 -0.287758
0.003375 -0.330931
0.003438 -0.343383
0.003500 -0.324778
0.003563 -0.278431
0.003625 -0.211197
0.003687 -0.131073
0.003750 -0.045906
0.003812 0.036916
0.003875 0.111756
0.003938 0.174927
0.004000 0.222726
0.004063 0.251118
0.004125 0.257307
0.004188 0.240816
0.004250 0.203470
0.004313 0.149041
0.004375 0.081507
0.004437 0.004076
0.004500 -0.078888
0.004562 -0.160178
0.004625 -0.231542
0.004687 -0.285497
0.004750 -0.315702
0.004812 -0.317773
0.004875 -0.290403
0.004938 -0.234837
0.005000 -0.154050
0.005063 -0.053346
0.005125 0.058896
0.005188 0.171563
0.005250 0.272068
0.005313 0.348322
0.005375 0.391399
0.005437 0.396864
0.005500 0.364135
0.005562 0.294863
0.005625 0.193088
0.005687 0.066737
0.005750 -0.070917
0.005812 -0.203727
0.005875 -0.317772
0.005938 -0.404034
0.006000 -0.456578
0.006063 -0.470971
0.006125 -0.446004
0.006188 -0.384724
0.006250 -0.293606
0.006313 -0.181249
0.006375 -0.059006
0.006437 0.060869
0.006500 0.168906
0.006562 0.260994
0.006625 0.335329
0.006687 0.388062
0.006750 0.413578
0.006812 0.409420
0.006875 0.379183
0.006938 0.328634
0.007000 0.261026
0.007063 0.175815
0.007125 0.072526
0.007188 -0.045183
0.007250 -0.167327
0.007313 -0.282518
0.007375 -0.382894
0.007437 -0.462974
0.007500 -0.514476
0.007562 -0.527524
0.007625 -0.496318
0.007687 -0.420125
0.007750 -0.301079
0.007812 -0.144806
0.007875 0.034251
0.007938 0.214820
0.008000 0.378523
0.008063 0.516871
0.008125 0.622502
0.008188 0.679490
0.008250 0.670937
0.008313 0.598191
0.008375 0.480760
0.008438 0.336691
0.008500 0.174077
0.008563 0.001290
0.008625 -0.163969
0.008688 -0.302086
0.008750 -0.401203
0.008812 -0.458244
0.008875 -0.473435
0.008937 -0.449666
0.009000 -0.393895
0.009062 -0.315720
0.009125 -0.222889
0.009187 -0.120968
0.009250 -0.017199
0.009312 0.078948
0.009375 0.159876
0.009437 0.223673
0.009500 0.271766
0.009562 0.304963
0.009625 0.321044
0.009687 0.316419
0.009750 0.289564
0.009813 0.243259
0.009875 0.182493
0.009938 0.110801
0.010000 0.029875
0.010063 -0.057079
0.010125 -0.142928
0.010188 -0.218751
0.010250 -0.276993
0.010313 -0.312558
0.010375 -0.322238
0.010438 -0.305334
0.010500 -0.263853
0.010563 -0.201520
0.010625 -0.123009
0.010688 -0.035062
0.010750 0.052687
0.010812 0.130026
0.010875 0.189558
0.010937 0.227689
0.011000 0.242905
0.011062 0.234951
0.011125 0.205222
0.011187 0.157423
0.011250 0.097378
0.011312 0.032367
0.011375 -0.030273
0.011437 -0.084650
0.011500 -0.126993
0.011562 -0.155424
0.011625 -0.168985
0.011687 -0.167181
0.011750 -0.150700
0.011813 -0.122527
0.011875 -0.086898
0.011938 -0.047529
0.012000 -0.007448
0.012063 0.030360
0.012125 0.063463
0.012188 0.090173
0.012250 0.108786
0.012313 0.117712
0.012375 0.116302
0.012438 0.104943
0.012500 0.084742
0.012563 0.057460
0.012625 0.024870
0.012688 -0.011380
0.012750 -0.048664
0.012812 -0.083110
0.012875 -0.111019
0.012937 -0.129694
0.013000 -0.137059
0.013062 -0.131740
0.013125 -0.113675
0.013187 -0.084076
0.013250 -0.045103
0.013312 0.000016
0.013375 0.047033
0.013437 0.091053
0.013500 0.127018
0.013562 0.150603
0.013625 0.159259
0.013688 0.152382
0.013750 0.130530
0.013813 0.095142
0.013875 0.048955
0.013938 -0.003531
0.014000 -0.056355
0.014063 -0.103594
0.014125 -0.140958
0.014188 -0.165918
0.014250 -0.176692
0.014313 -0.172419
0.014375 -0.153873
0.014438 -0.123432
0.014500 -0.084241
0.014563 -0.040118
0.014625 0.004534
0.014687 0.045648
0.014750 0.080742
0.014812 0.109008
0.014875 0.129809
0.014937 0.141730
0.015000 0.143426
0.015062 0.135455
0.015125 0.119920
0.015187 0.098634
0.015250 0.071962
0.015312 0.039712
0.015375 0.002488
0.015437 -0.037296
0.015500 -0.075971
0.015562 -0.110509
0.015625 -0.139096
0.015688 -0.159660
0.015750 -0.169040
0.015813 -0.164764
0.015875 -0.146171
0.015938 -0.113946
0.016000 -0.069402
0.016063 -0.015697
0.016125 0.041357
0.016188 0.095095
0.016250 0.141203
0.016313 0.177748
0.016375 0.201574
0.016438 0.207435
0.016500 0.192791
0.016563 0.161653
0.016625 0.120634
0.016688 0.073756
0.016750 0.023026
0.016813 -0.027589
0.016875 -0.072081
0.016938 -0.105781
0.017000 -0.127076
0.017063 -0.136155
0.017125 -0.133537
0.017188 -0.120674
0.017250 -0.100207
0.017313 -0.074871
0.017375 -0.046677
0.017438 -0.017519
0.017500 0.010332
0.017563 0.034613
0.017625 0.054115
0.017687 0.068784
0.017750 0.078952
0.017812 0.084618
0.017875 0.085123
0.017937 0.079934
0.018000 0.069301
0.018062 0.054399
0.018125 0.036495
0.018187 0.016368
0.018250 -0.005372
0.018312 -0.027350
0.018375 -0.047366
0.018437 -0.063376
0.018500 -0.074066
0.018562 -0.078639
0.018625 -0.076669
0.018687 -0.068455
0.018750 -0.054887
0.018812 -0.037201
0.018875 -0.016899
0.018937 0.003996
0.019000 0.023176
0.019062 0.038679
0.019125 0.049368
0.019187 0.054789
0.019250 0.054836
0.019312 0.049799
0.019375 0.040453
0.019437 0.028003
0.019500 0.013918
0.019563 -0.000155
0.019625 -0.012771
0.019688 -0.023002
0.019750 -0.030377
0.019813 -0.034599
0.019875 -0.035523
0.019938 -0.033295
0.020000 -0.028448
0.020063 -0.021804
0.020125 -0.014132
0.020188 -0.006020
0.020250 0.001948
0.020313 0.009118
0.020375 0.015067
0.020438 0.019552
0.020500 0.022291
0.020563 0.023057
0.020625 0.021867
0.020688 0.018898
0.020750 0.014358
0.020813 0.008590
0.020875 0.002028
0.020938 -0.004838
0.021000 -0.011432
0.021063 -0.017097
0.021125 -0.021272
0.021188 -0.023550
0.021250 -0.023654
0.021313 -0.021494
0.021375 -0.017242
0.021438 -0.011291
0.021500 -0.004171
0.021562 0.003444
0.021625 0.010813
0.021687 0.017174
0.021750 0.021807
0.021812 0.024155
0.021875 0.024030
0.021937 0.021564
0.022000 0.017022
0.022062 0.010750
0.022125 0.003314
0.022187 -0.004450
0.022250 -0.011645
0.022312 -0.017569
0.022375 -0.021802
0.022437 -0.024063
0.022500 -0.024212
0.022562 -0.022331
0.022625 -0.018739
0.022687 -0.013856
0.022750 -0.008161
0.022812 -0.002219
0.022875 0.003380
0.022937 0.008206
0.023000 0.012103
0.023062 0.015035
0.023125 0.016901
0.023187 0.017541
0.023250 0.016962
0.023312 0.015388
0.023375 0.013098
0.023438 0.010222
0.023500 0.006748
0.023563 0.002703
0.023625 -0.001706
0.023688 -0.006093
0.023750 -0.010115
0.023813 -0.013567
0.023875 -0.016253
0.023938 -0.017831
0.024000 -0.017996
0.024063 -0.016648
0.024125 -0.013850
0.024188 -0.009693
0.024250 -0.004398
0.024313 0.001496
0.024375 0.007252
0.024438 0.012316
0.024500 0.016469
0.024563 0.019447
0.024625 0.020750
0.024688 0.019990
0.024750 0.017380
0.024813 0.013552
0.024875 0.009018
0.024938 0.004034
0.025000 -0.001074
0.025063 -0.005747
0.025125 -0.009466
0.025188 -0.011982
0.025250 -0.013285
0.025313 -0.013412
0.025375 -0.012470
0.025437 -0.010698
0.025500 -0.008324
0.025562 -0.005536
0.025625 -0.002599
0.025687 0.000184
0.025750 0.002659
0.025812 0.004739
0.025875 0.006352
0.025937 0.007420
0.026000 0.007945
0.026062 0.007963
0.026125 0.007463
0.026187 0.006462
0.026250 0.005036
0.026312 0.003343
0.026375 0.001504
0.026437 -0.000401
0.026500 -0.002288
0.026562 -0.003965
0.026625 -0.005240
0.026687 -0.006031
0.026750 -0.006323
0.026812 -0.006094
0.026875 -0.005354
0.026937 -0.004203
0.027000 -0.002763
0.027062 -0.001169
0.027125 0.000426
0.027187 0.001850
0.027250 0.002978
0.027312 0.003736
0.027375 0.004101
0.027438 0.004071
0.027500 0.003682
0.027563 0.003009
0.027625 0.002149
0.027688 0.001201
0.027750 0.000260
0.027813 -0.000578
0.027875 -0.001250
0.027938 -0.001740
0.028000 -0.002048
0.028063 -0.002156
0.028125 -0.002069
0.028188 -0.001826
0.028250 -0.001488
0.028313 -0.001087
0.028375 -0.000642
0.028438 -0.000180
0.028500 0.000258
0.028563 0.000640
0.028625 0.000948
0.028688 0.001165
0.028750 0.001279
0.028813 0.001282
0.028875 0.001179
0.028938 0.000979
0.029000 0.000696
0.029063 0.000358
0.029125 0.000004
0.029188 -0.000328
0.029250 -0.000612
0.029312 -0.000823
0.029375 -0.000940
0.029437 -0.000958
0.029500 -0.000884
0.029562 -0.000727
0.029625 -0.000511
0.029687 -0.000269
0.029750 -0.000028
0.029812 0.000189
0.029875 0.000361
0.029937 0.000475
0.030000 0.000524
0.030062 0.000509
0.030125 0.000438
0.030187 0.000326
0.030250 0.000192
0.030312 0.000050
0.030375 -0.000086
0.030437 -0.000202
0.030500 -0.000291
0.030562 -0.000347
0.030625 -0.000368
0.030687 -0.000355
0.030750 -0.000318
0.030812 -0.000263
0.030875 -0.000198
0.030937 -0.000128
0.031000 -0.000058
0.031062 0.000006
0.031125 0.000059
0.031187 0.000098
0.031250 0.000125
0.031313 0.000140
0.031375 0.000145
0.031438 0.000140
0.031500 0.000126
0.031563 0.000107
0.031625 0.000085
0.031688 0.000062
0.031750 0.000040
0.031813 0.000022
0.031875 0.000009
0.031938 0.000002
