0 0.080000
1 0.080035
2 0.080139
3 0.080313
4 0.080556
5 0.080869
6 0.081251
7 0.081703
8 0.082224
9 0.082814
10 0.083473
11 0.084201
12 0.084998
13 0.085864
14 0.086799
15 0.087802
16 0.088873
17 0.090013
18 0.091221
19 0.092496
20 0.093839
21 0.095250
22 0.096728
23 0.098273
24 0.099884
25 0.101563
26 0.103307
27 0.105118
28 0.106994
29 0.108936
30 0.110943
31 0.113014
32 0.115151
33 0.117351
34 0.119616
35 0.121944
36 0.124335
37 0.126789
38 0.129306
39 0.131884
40 0.134525
41 0.137226
42 0.139989
43 0.142812
44 0.145695
45 0.148638
46 0.151639
47 0.154700
48 0.157819
49 0.160995
50 0.164229
51 0.167520
52 0.170867
53 0.174270
54 0.177728
55 0.181241
56 0.184808
57 0.188429
58 0.192103
59 0.195829
60 0.199608
61 0.203438
62 0.207319
63 0.211250
64 0.215231
65 0.219261
66 0.223340
67 0.227466
68 0.231640
69 0.235860
70 0.240126
71 0.244438
72 0.248794
73 0.253195
74 0.257638
75 0.262125
76 0.266653
77 0.271223
78 0.275833
79 0.280483
80 0.285173
81 0.289901
82 0.294667
83 0.299470
84 0.304309
85 0.309184
86 0.314094
87 0.319038
88 0.324015
89 0.329025
90 0.334067
91 0.339140
92 0.344244
93 0.349377
94 0.354539
95 0.359729
96 0.364946
97 0.370190
98 0.375459
99 0.380753
100 0.386071
101 0.391413
102 0.396777
103 0.402162
104 0.407569
105 0.412995
106 0.418441
107 0.423905
108 0.429387
109 0.434885
110 0.440399
111 0.445929
112 0.451472
113 0.457029
114 0.462599
115 0.468180
116 0.473772
117 0.479374
118 0.484985
119 0.490605
120 0.496232
121 0.501865
122 0.507505
123 0.513149
124 0.518797
125 0.524449
126 0.530103
127 0.535758
128 0.541414
129 0.547070
130 0.552725
131 0.558377
132 0.564027
133 0.569674
134 0.575316
135 0.580952
136 0.586583
137 0.592206
138 0.597822
139 0.603428
140 0.609025
141 0.614612
142 0.620188
143 0.625751
144 0.631301
145 0.636838
146 0.642360
147 0.647866
148 0.653356
149 0.658829
150 0.664284
151 0.669720
152 0.675137
153 0.680533
154 0.685908
155 0.691261
156 0.696591
157 0.701897
158 0.707179
159 0.712436
160 0.717666
161 0.722870
162 0.728046
163 0.733193
164 0.738312
165 0.743400
166 0.748458
167 0.753484
168 0.758477
169 0.763438
170 0.768365
171 0.773258
172 0.778115
173 0.782936
174 0.787721
175 0.792468
176 0.797177
177 0.801847
178 0.806477
179 0.811067
180 0.815616
181 0.820124
182 0.824589
183 0.829011
184 0.833389
185 0.837723
186 0.842012
187 0.846256
188 0.850453
189 0.854603
190 0.858705
191 0.862760
192 0.866765
193 0.870722
194 0.874628
195 0.878483
196 0.882288
197 0.886040
198 0.889741
199 0.893388
200 0.896982
201 0.900522
202 0.904008
203 0.907439
204 0.910813
205 0.914132
206 0.917395
207 0.920600
208 0.923748
209 0.926838
210 0.929869
211 0.932841
212 0.935754
213 0.938607
214 0.941400
215 0.944132
216 0.946803
217 0.949413
218 0.951960
219 0.954446
220 0.956868
221 0.959228
222 0.961524
223 0.963757
224 0.965925
225 0.968029
226 0.970069
227 0.972043
228 0.973952
229 0.975796
230 0.977573
231 0.979285
232 0.980930
233 0.982508
234 0.984019
235 0.985464
236 0.986841
237 0.988150
238 0.989392
239 0.990565
240 0.991671
241 0.992708
242 0.993677
243 0.994577
244 0.995409
245 0.996172
246 0.996865
247 0.997490
248 0.998045
249 0.998532
250 0.998949
251 0.999296
252 0.999574
253 0.999783
254 0.999922
255 0.999991
256 0.999991
257 0.999922
258 0.999783
259 0.999574
260 0.999296
261 0.998949
262 0.998532
263 0.998045
264 0.997490
265 0.996865
266 0.996172
267 0.995409
268 0.994577
269 0.993677
270 0.992708
271 0.991671
272 0.990565
273 0.989392
274 0.988150
275 0.986841
276 0.985464
277 0.984019
278 0.982508
279 0.980930
280 0.979285
281 0.977573
282 0.975796
283 0.973952
284 0.972043
285 0.970069
286 0.968029
287 0.965925
288 0.963757
289 0.961524
290 0.959228
291 0.956868
292 0.954446
293 0.951960
294 0.949413
295 0.946803
296 0.944132
297 0.941400
298 0.938607
299 0.935754
300 0.932841
301 0.929869
302 0.926838
303 0.923748
304 0.920600
305 0.917395
306 0.914132
307 0.910813
308 0.907439
309 0.904008
310 0.900522
311 0.896982
312 0.893388
313 0.889741
314 0.886040
315 0.882288
316 0.878483
317 0.874628
318 0.870722
319 0.866765
320 0.862760
321 0.858705
322 0.854603
323 0.850453
324 0.846256
325 0.842012
326 0.837723
327 0.833389
328 0.829011
329 0.824589
330 0.820124
331 0.815616
332 0.811067
333 0.806477
334 0.801847
335 0.797177
336 0.792468
337 0.787721
338 0.782936
339 0.778115
340 0.773258
341 0.768365
342 0.763438
343 0.758477
344 0.753484
345 0.748458
346 0.743400
347 0.738312
348 0.733193
349 0.728046
350 0.722870
351 0.717666
352 0.712436
353 0.707179
354 0.701897
355 0.696591
356 0.691261
357 0.685908
358 0.680533
359 0.675137
360 0.669720
361 0.664284
362 0.658829
363 0.653356
364 0.647866
365 0.642360
366 0.636838
367 0.631301
368 0.625751
369 0.620188
370 0.614612
371 0.609025
372 0.603428
373 0.597822
374 0.592206
375 0.586583
376 0.580952
377 0.575316
378 0.569674
379 0.564027
380 0.558377
381 0.552725
382 0.547070
383 0.541414
384 0.535758
385 0.530103
386 0.524449
387 0.518797
388 0.513149
389 0.507505
390 0.501865
391 0.496232
392 0.490605
393 0.484985
394 0.479374
395 0.473772
396 0.468180
397 0.462599
398 0.457029
399 0.451472
400 0.445929
401 0.440399
402 0.434885
403 0.429387
404 0.423905
405 0.418441
406 0.412995
407 0.407569
408 0.402162
409 0.396777
410 0.391413
411 0.386071
412 0.380753
413 0.375459
414 0.370190
415 0.364946
416 0.359729
417 0.354539
418 0.349377
419 0.344244
420 0.339140
421 0.334067
422 0.329025
423 0.324015
424 0.319038
425 0.314094
426 0.309184
427 0.304309
428 0.299470
429 0.294667
430 0.289901
431 0.285173
432 0.280483
433 0.275833
434 0.271223
435 0.266653
436 0.262125
437 0.257638
438 0.253195
439 0.248794
440 0.244438
441 0.240126
442 0.235860
443 0.231640
444 0.227466
445 0.223340
446 0.219261
447 0.215231
448 0.211250
449 0.207319
450 0.203438
451 0.199608
452 0.195829
453 0.192103
454 0.188429
455 0.184808
456 0.181241
457 0.177728
458 0.174270
459 0.170867
460 0.167520
461 0.164229
462 0.160995
463 0.157819
464 0.154700
465 0.151639
466 0.148638
467 0.145695
468 0.142812
469 0.139989
470 0.137226
471 0.134525
472 0.131884
473 0.129306
474 0.126789
475 0.124335
476 0.121944
477 0.119616
478 0.117351
479 0.115151
480 0.113014
481 0.110943
482 0.108936
483 0.106994
484 0.105118
485 0.103307
486 0.101563
487 0.099884
488 0.098273
489 0.096728
490 0.095250
491 0.093839
492 0.092496
493 0.091221
494 0.090013
495 0.088873
496 0.087802
497 0.086799
498 0.085864
499 0.084998
500 0.084201
501 0.083473
502 0.082814
503 0.082224
504 0.081703
505 0.081251
506 0.080869
507 0.080556
508 0.080313
509 0.080139
510 0.080035
511 0.080000
